# Median of Temperatures and Precipitation

01-2022,45,41,0.3
02-2022,76,55,2.3
03-2022,79,75,3.8
04-2022,84,81,4.7
05-2022,89,86,2.4
06-2022,95,90,2.3
07-2022,97,89,1.9
08-2022,98,91,2.4
09-2022,90,81,1.1

01-2023,43,41,0.3
02-2023,77,55,0.3
03-2023,78,75,3.8
04-2023,81,81,4.7
05-2023,87,86,0.4
06-2023,99,90,2.3
07-2023,98,89,1.9
08-2023,101,91,2.4
09-2023,89,81,1.1
10-2023,74,71,1.0
11-2023,54,44,0.9
12-2023,48,40,0.1

01-2024,45,41,0.3
02-2024,76,55,2.3
03-2024,79,75,3.8
04-2024,84,81,4.7
05-2024,89,86,2.4
06-2024,95,90,2.3
07-2024,97,89,1.8
08-2024,98,91,2.4
09-2024,90,81,1.1
10-2024,81,71,1.0
11-2024,61,44,0.9
12-2024,44,40,2.1
